87.213 71.649 10.200
56.386 74.275 11.653
37.110 8.564 8.128
64.225 102.244 5.786
39.239 46.371 7.274
52.117 43.643 9.983
21.810 68.214 10.297
85.771 45.123 6.391
28.466 21.691 7.957
60.515 35.602 8.089
53.811 20.338 4.299
42.954 81.475 8.385
35.878 96.032 5.211
22.671 35.250 10.377
33.247 64.226 7.432
49.879 26.982 6.868
100.455 53.733 9.693
42.072 71.650 8.163
23.254 76.776 7.426
75.255 40.838 9.600
70.622 65.366 8.667
56.842 109.776 9.546
32.310 41.654 7.617
68.040 84.653 10.263
6.490 69.965 5.351
61.985 15.211 9.348
76.073 56.494 12.430
62.688 90.034 7.542
