68.709 93.711 10.677
42.583 67.568 13.962
84.293 0.195 8.502
22.485 98.573 8.816
51.741 31.581 10.802
66.131 41.154 10.008
20.815 33.358 11.381
91.016 72.547 9.828
66.438 4.154 12.375
78.813 44.804 10.757
86.859 25.393 5.998
23.515 62.399 11.279
4.965 68.704 6.246
48.846 9.619 11.727
31.158 39.544 8.043
77.646 26.464 8.972
92.557 90.995 10.273
31.715 54.851 8.242
13.803 41.406 9.547
86.574 60.706 9.618
60.987 75.382 8.750
12.365 97.387 11.504
50.995 21.068 8.126
43.150 87.781 10.048
7.341 20.679 7.415
98.717 27.094 9.742
74.764 72.835 13.740
31.369 87.268 10.124
